camera_matrix: [762.309795,0.000000,481.336120,0.000000,761.056680,364.209859,0.000000,0.000000,1.000000]
dist_coeffs: [0.156650,-0.264579,0.000544,-0.002589,0.000000]
