camera_matrix: [505.067762,0.000000,319.229684,0.000000,503.425125,237.028919,0.000000,0.000000,1.000000]
dist_coeffs: [0.123675,-0.214507,-0.002112,-0.002399,0.000000]
camera_transformation: [0,0,0.142]